0 1 2 3 4 5 6 7 8 9 10 0 
8201 1 2 3 4 5 6 7 8 9 10 0 
424 1 2 3 4 5 6 7 8 9 10 0 
14086 1 2 3 4 5 6 7 8 9 10 0 
3446 1 2 3 4 5 6 7 8 9 10 0 
14765 1 2 3 4 5 6 7 8 9 10 0 
9676 2 1 3 4 5 6 7 8 9 10 1 
5816 1 2 3 4 5 6 7 8 10 9 1 
3233 1 2 3 4 5 6 7 9 8 10 1 
9454 2 3 1 4 5 6 7 8 9 10 2 
19916 1 2 4 5 3 6 7 8 9 10 2 
2134 1 3 2 4 6 5 7 8 9 10 2 
13822 2 3 1 4 5 6 8 7 9 10 3 
10025 1 2 4 6 3 5 7 8 9 10 3 
1372 2 1 4 5 3 6 7 8 9 10 3 
2863 2 1 3 6 4 5 7 8 9 10 3 
11645 1 2 3 4 6 7 8 5 9 10 3 
9016 2 3 4 1 5 6 7 8 9 10 3 
18209 1 3 5 2 4 6 7 8 9 10 3 
8675 2 1 3 5 4 7 6 8 9 10 3 
832 2 3 4 1 5 6 7 8 9 10 3 
3033 1 5 2 3 4 6 7 8 9 10 3 
14983 2 3 4 1 5 6 7 8 9 10 3 
4970 1 6 2 3 4 5 7 8 9 10 4 
1285 3 4 1 2 5 6 7 8 9 10 4 
20495 3 4 1 2 5 6 7 8 9 10 4 
274 1 2 3 4 5 8 9 6 7 10 4 
447 2 3 1 4 5 6 9 7 8 10 4 
515060 2 3 1 6 4 5 7 8 9 10 4 
6568 3 1 4 5 2 6 7 8 9 10 4 
7950 1 5 3 2 4 6 7 8 9 10 4 
4041 1 2 4 5 6 7 3 8 9 10 4 
2274 1 2 3 5 6 4 9 7 8 10 4 
7 1 3 4 5 6 7 2 8 9 10 5 
11029 1 6 2 3 4 7 5 8 9 10 5 
82 1 6 2 4 3 5 7 8 9 10 5 
3812 2 1 3 4 5 8 6 9 10 7 5 
1391 3 2 4 5 1 6 7 8 9 10 5 
2754 4 2 1 5 3 6 7 8 9 10 5 
18444 2 3 4 5 6 1 7 8 9 10 5 
9769 1 2 5 6 4 3 7 8 9 10 5 
177 1 3 4 6 5 2 7 8 9 10 5 
7179 1 2 3 6 7 4 8 5 9 10 5 
17250 1 6 2 3 4 7 5 8 9 10 5 
17227 1 5 2 3 4 6 9 7 8 10 5 
8634 3 4 2 1 5 6 7 8 9 10 5 
18645 1 5 2 3 4 6 8 7 10 9 5 
574 1 6 2 3 4 7 5 8 9 10 5 
17763 4 1 2 3 5 7 6 9 8 10 5 
17838 3 1 2 6 4 7 5 8 9 10 5 
15271 1 4 5 2 3 6 8 7 9 10 5 
6856 1 6 2 3 4 7 5 8 9 10 5 
16880 3 4 1 2 5 7 6 8 9 10 5 
6938 1 2 4 5 6 8 3 7 9 10 5 
15633 2 3 4 6 1 5 7 8 9 10 5 
2046 3 4 2 1 5 6 7 8 9 10 5 
212313 3 5 1 2 4 6 7 8 9 10 5 
12388 1 3 2 4 8 5 6 9 10 7 6 
12583 6 1 2 3 4 7 5 8 9 10 6 
2650 4 5 1 2 3 6 7 8 9 10 6 
12719 3 2 5 1 6 4 7 8 9 10 6 
1772 2 1 4 5 3 7 8 9 6 10 6 
20240 6 1 2 3 4 7 5 8 9 10 6 
8416 4 5 1 2 3 6 7 8 9 10 6 
8642 1 6 3 4 2 5 7 8 9 10 6 
17326 1 5 2 3 4 6 8 9 10 7 6 
18766 1 2 3 7 6 4 8 5 9 10 6 
5076 2 1 3 4 6 7 8 9 10 5 6 
722 3 5 2 1 4 6 7 8 9 10 6 
6794 5 1 2 6 3 4 7 8 9 10 6 
4540 6 1 2 3 4 7 5 8 9 10 6 
13217 2 3 1 5 7 4 8 6 9 10 6 
4932 6 1 2 3 4 7 5 8 9 10 6 
10192 4 1 2 5 3 6 9 7 10 8 7 
1559 2 3 4 6 1 7 8 5 9 10 7 
1646 1 2 3 4 7 5 10 8 9 6 7 
218002 1 2 6 5 7 3 4 8 9 10 7 
8123 3 6 1 2 4 7 5 8 9 10 7 
19564 2 3 5 6 4 1 7 8 9 10 7 
19770 2 3 1 7 4 5 9 6 8 10 7 
8613 8 1 2 3 4 5 6 7 9 10 7 
8679 2 1 3 6 7 4 8 9 5 10 7 
18769 1 2 4 7 8 3 5 6 9 10 7 
17599 2 3 5 1 4 6 8 9 10 7 7 
18812 2 1 5 6 7 3 4 8 9 10 7 
6333 1 2 6 4 7 3 8 5 9 10 7 
5029 2 1 5 4 6 7 8 3 9 10 7 
18963 1 2 6 7 3 4 8 5 9 10 7 
15276 5 2 3 1 4 7 6 8 9 10 7 
5316 1 2 5 3 9 4 6 7 10 8 7 
4203 5 1 2 6 3 7 4 8 9 10 7 
15634 4 3 2 1 5 7 6 8 9 10 7 
5703 3 4 1 6 2 7 5 8 9 10 7 
5750 1 3 4 5 2 7 8 9 10 6 7 
3160 3 5 1 2 4 6 9 7 8 10 7 
14879 1 2 5 6 3 4 10 7 8 9 7 
11155 3 2 1 6 7 4 8 5 9 10 8 
12589 1 2 5 6 7 3 9 4 8 10 8 
2775 7 3 1 2 4 5 6 8 9 10 8 
2783 1 2 3 7 8 4 9 5 6 10 8 
11640 1 3 6 5 2 7 4 8 10 9 8 
10415 1 7 2 3 4 8 5 9 6 10 8 
20062 3 1 4 6 7 2 8 5 9 10 8 
59137 3 4 5 1 6 7 2 8 9 10 8 
9149 6 2 1 4 5 3 7 8 9 10 8 
10840 1 4 7 2 5 3 8 6 9 10 8 
18216 4 6 1 2 3 7 5 8 9 10 8 
18396 6 1 4 2 3 7 5 8 9 10 8 
18448 4 6 1 2 3 7 5 8 9 10 8 
8474 4 5 2 3 1 6 7 8 9 10 8 
20744 2 3 4 5 6 1 9 7 10 8 8 
9854 1 2 7 3 5 6 9 4 8 10 8 
3320 2 3 4 6 7 1 8 5 9 10 8 
117464 4 5 3 1 2 6 7 8 9 10 8 
15185 4 5 2 3 1 6 7 8 9 10 8 
766 1 6 2 3 7 4 8 9 5 10 8 
15111 7 1 2 3 4 8 5 6 9 10 8 
7958 1 2 3 7 8 4 9 5 6 10 8 
17947 3 1 4 5 6 7 8 9 2 10 8 
6795 1 2 7 5 4 3 8 6 9 10 8 
4200 3 6 2 1 5 4 7 8 9 10 8 
3205 4 5 1 2 6 7 3 8 9 10 8 
14611 4 6 2 1 3 5 7 8 9 10 8 
4611 2 1 4 6 7 3 8 9 5 10 8 
14688 4 5 1 2 3 6 7 9 10 8 8 
14652 1 2 6 3 7 4 8 9 10 5 8 
15965 1 6 4 3 5 2 7 8 9 10 8 
2171 4 6 1 2 3 7 5 8 9 10 8 
12273 4 5 2 1 3 6 8 7 9 10 8 
4957 1 5 2 3 6 7 8 9 10 4 8 
11007 2 3 4 1 5 8 9 10 6 7 9 
3774 4 6 1 2 3 7 8 5 9 10 9 
21 4 7 1 3 2 5 6 8 9 10 9 
12660 2 3 6 7 1 4 8 5 9 10 9 
3982 2 3 4 5 6 7 8 9 10 1 9 
12817 1 2 6 7 4 5 8 3 9 10 9 
11616 1 4 5 6 7 2 8 3 9 10 9 
11658 6 2 3 1 7 4 5 8 9 10 9 
9122 4 5 2 3 1 6 8 7 9 10 9 
19626 1 2 6 7 8 3 4 5 9 10 9 
184 4 5 3 2 1 6 7 8 9 10 9 
17423 5 4 1 2 3 6 9 7 8 10 9 
17556 3 4 7 2 1 5 6 8 9 10 9 
17600 3 4 1 6 7 5 2 8 9 10 9 
17730 6 2 3 1 4 5 9 7 8 10 9 
5280 3 4 2 1 6 5 9 7 10 8 9 
5380 1 2 5 6 8 3 7 9 4 10 9 
6882 6 2 3 4 1 7 5 8 9 10 9 
4246 2 6 1 3 4 7 8 9 10 5 9 
16896 4 5 3 2 1 6 7 8 9 10 9 
4315 1 4 2 5 8 3 9 6 10 7 9 
15659 5 6 1 2 3 7 4 8 9 10 9 
13143 6 4 1 2 3 7 5 8 9 10 9 
5908 5 6 1 2 3 7 4 8 9 10 9 
5909 6 4 1 2 3 7 5 8 9 10 9 
5955 4 5 1 6 3 2 7 8 9 10 9 
13404 1 4 3 6 7 2 8 9 5 10 9 
3368 5 6 1 2 3 7 4 8 9 10 9 
3554 5 3 4 2 1 6 7 8 9 10 9 
62 2 3 4 6 5 7 8 9 10 1 10 
12459 1 6 2 4 5 7 8 9 10 3 10 
1217 4 5 2 3 1 6 9 7 8 10 10 
13980 2 3 6 7 4 1 8 5 9 10 10 
12592 5 7 1 2 3 4 6 9 8 10 10 
3915 3 4 1 5 6 8 2 9 10 7 10 
1570 3 6 2 5 4 1 7 8 9 10 10 
1581 6 4 2 3 1 5 7 8 9 10 10 
10451 5 4 1 3 2 8 6 7 9 10 10 
1737 7 1 2 3 4 8 5 9 10 6 10 
11905 1 6 3 4 5 7 8 9 2 10 10 
9196 4 5 1 6 2 7 8 3 9 10 10 
18147 6 5 1 3 2 4 7 8 9 10 10 
318126 1 6 3 7 4 5 2 8 9 10 10 
319499 6 4 3 1 2 5 7 8 9 10 10 
8173 3 6 1 2 4 7 8 9 10 5 10 
19533 9 1 2 3 4 5 6 10 7 8 10 
18297 5 6 1 3 2 7 4 8 9 10 10 
18332 2 3 6 1 7 4 8 9 10 5 10 
9823 2 3 6 7 1 5 8 4 9 10 10 
7212 2 3 1 7 8 4 9 5 6 10 10 
18538 7 1 2 3 4 8 5 9 10 6 10 
16182 5 4 6 1 2 3 7 8 9 10 10 
468 2 4 5 3 6 7 8 9 1 10 10 
6144 2 4 5 6 3 1 9 7 8 10 10 
18892 1 3 4 7 8 2 9 5 6 10 10 
17689 5 2 3 4 1 6 10 7 8 9 10 
16488 4 5 2 1 7 6 3 8 9 10 10 
16440 6 4 2 1 3 5 8 7 9 10 10 
7904 4 5 1 2 6 3 8 9 10 7 10 
16639 1 3 6 7 4 5 8 2 9 10 10 
15400 7 3 2 4 1 5 6 8 9 10 10 
6779 4 5 1 2 3 9 6 7 10 8 10 
16910 4 5 6 2 1 3 7 8 9 10 10 
15556 2 6 1 3 7 8 4 9 5 10 10 
14203 1 2 6 7 5 3 8 9 4 10 10 
5636 5 6 1 3 2 7 4 8 9 10 10 
15606 2 5 1 3 9 4 8 6 7 10 10 
5749 2 1 5 6 4 7 9 8 3 10 10 
3120 1 2 7 8 3 4 9 5 6 10 10 
4692 5 7 1 2 3 6 4 8 9 10 10 
14692 3 6 1 4 7 5 2 8 9 10 10 
13438 5 7 1 2 3 6 4 8 9 10 10 
4834 3 1 7 8 2 4 5 6 9 10 10 
12312 5 6 1 2 3 4 9 7 8 10 10 
3656 1 2 6 7 8 3 9 4 5 10 11 
4998 1 2 6 7 8 3 9 4 5 10 11 
1060 2 7 3 5 6 1 4 8 9 10 11 
11070 1 2 6 7 8 3 9 4 5 10 11 
12377 1 2 6 7 8 3 9 4 5 10 11 
13669 1 2 6 7 8 3 9 4 5 10 11 
3794 1 4 5 6 2 8 7 9 10 3 11 
1143 1 2 6 7 8 3 9 4 5 10 11 
3796 1 2 6 7 8 3 9 4 5 10 11 
1154 1 2 6 7 8 3 9 4 5 10 11 
70 1 2 6 7 8 3 9 4 5 10 11 
97 1 2 6 7 8 3 9 4 5 10 11 
11341 1 2 6 7 8 3 9 4 5 10 11 
13963 1 2 6 7 8 3 9 4 5 10 11 
13940 1 2 6 7 8 3 9 4 5 10 11 
11295 4 6 1 3 2 7 8 9 5 10 11 
11246 5 2 7 1 4 3 8 6 9 10 11 
3989 1 2 6 7 8 3 9 4 5 10 11 
10061 1 2 6 7 8 3 9 4 5 10 11 
1413 1 2 6 7 8 3 9 4 5 10 11 
1472 1 2 6 7 8 3 9 4 5 10 11 
11598 1 2 6 7 8 3 9 4 5 10 11 
11488 1 2 6 7 8 3 9 4 5 10 11 
1535 1 2 6 7 8 3 9 4 5 10 11 
2888 1 2 6 7 8 3 9 4 5 10 11 
11606 1 2 6 7 8 3 9 4 5 10 11 
2931 1 2 6 7 8 3 9 4 5 10 11 
1619 1 2 6 7 8 3 9 4 5 10 11 
11640 1 2 6 7 8 3 9 4 5 10 11 
11753 1 2 6 7 8 3 9 4 5 10 11 
111821 2 4 8 1 3 5 9 6 10 7 11 
10626 1 2 6 7 8 3 9 4 5 10 11 
10605 1 2 6 7 8 3 9 4 5 10 11 
1911 1 2 6 7 8 3 9 4 5 10 11 
1943 1 2 6 7 8 3 9 4 5 10 11 
9009 1 2 6 7 8 3 9 4 5 10 11 
9026 1 2 6 7 8 3 9 4 5 10 11 
9148 5 6 2 3 1 7 4 8 9 10 11 
20223 6 4 3 2 1 5 7 8 9 10 11 
10966 1 2 6 7 8 3 9 4 5 10 11 
19420 1 2 6 7 8 3 9 4 5 10 11 
8283 2 1 6 7 8 3 4 9 5 10 11 
20637 4 5 1 2 3 8 9 6 10 7 11 
17089 1 2 5 6 8 4 9 7 3 10 11 
119773 4 6 5 1 2 7 3 8 9 10 11 
8424 1 2 8 9 4 3 5 6 7 10 11 
9773 5 2 3 1 6 7 8 9 10 4 11 
9776 3 7 1 2 4 8 9 5 6 10 11 
17245 2 6 3 1 7 4 8 9 10 5 11 
17249 1 2 7 8 4 3 9 5 6 10 11 
8560 1 2 6 7 8 3 9 4 5 10 11 
16076 1 2 6 7 8 3 9 4 5 10 11 
6046 3 7 1 4 2 5 8 9 10 6 11 
19991 5 6 1 2 3 4 9 7 10 8 11 
17461 1 2 6 7 8 3 9 4 5 10 11 
417 1 2 6 7 8 3 9 4 5 10 11 
7406 1 2 6 7 8 3 9 4 5 10 11 
456 3 2 6 7 4 1 8 5 9 10 11 
8759 1 2 6 7 8 3 9 4 5 10 11 
7473 1 2 6 7 8 3 9 4 5 10 11 
16253 1 2 6 7 8 3 9 4 5 10 11 
18888 1 2 6 7 8 3 9 4 5 10 11 
615 4 1 2 7 5 8 9 3 6 10 11 
8916 1 2 6 7 8 3 9 4 5 10 11 
18972 3 8 1 2 4 5 6 10 9 7 11 
6304 1 2 6 7 8 3 9 4 5 10 11 
5063 1 2 6 7 8 3 9 4 5 10 11 
5096 2 1 6 7 3 8 9 4 5 10 11 
7735 2 3 8 1 5 6 9 4 7 10 11 
6483 1 2 6 7 8 3 9 4 5 10 11 
16473 1 2 6 7 8 3 9 4 5 10 11 
15145 2 4 3 8 6 5 1 7 9 10 11 
5296 1 2 6 7 8 3 9 4 5 10 11 
15279 1 2 6 7 8 3 9 4 5 10 11 
16557 6 1 2 3 7 8 4 9 10 5 11 
16556 1 2 6 7 8 3 9 4 5 10 11 
17877 5 6 3 1 2 7 4 8 9 10 11 
14091 1 2 6 7 8 3 9 4 5 10 11 
14078 6 3 1 5 2 4 9 7 8 10 11 
16692 6 2 5 3 1 7 4 8 9 10 11 
415415 5 8 1 2 3 6 4 7 9 10 11 
16720 6 5 1 3 2 7 4 8 9 10 11 
6827 1 2 6 7 8 3 9 4 5 10 11 
5516 5 6 1 2 3 9 4 7 8 10 11 
4253 1 2 6 7 8 3 9 4 5 10 11 
14249 1 2 6 7 8 3 9 4 5 10 11 
15649 3 2 5 7 6 4 1 8 9 10 11 
4423 1 2 6 7 8 3 9 4 5 10 11 
5790 5 6 2 3 1 7 4 8 9 10 11 
14404 1 2 6 7 8 3 9 4 5 10 11 
5835 1 2 7 8 4 3 9 5 6 10 11 
15890 4 5 1 6 3 7 8 2 9 10 11 
14539 3 4 5 6 1 7 2 9 10 8 11 
5920 1 3 4 5 10 2 7 8 9 6 11 
13278 4 5 1 2 6 7 8 9 10 3 11 
15944 3 4 1 2 9 5 10 6 7 8 11 
3318 1 2 6 7 8 3 9 4 5 10 11 
2018 1 2 6 7 8 3 9 4 5 10 11 
3344 1 2 6 7 8 3 9 4 5 10 11 
12030 1 2 6 7 8 3 9 4 5 10 11 
13372 1 2 6 7 8 3 9 4 5 10 11 
14684 2 6 4 5 3 7 1 8 9 10 11 
15990 1 2 6 7 8 3 9 4 5 10 11 
4718 6 3 1 2 4 7 8 9 10 5 11 
3417 1 5 2 6 8 3 9 7 4 10 11 
13479 7 2 3 4 5 1 8 6 9 10 11 
14775 1 7 2 3 6 8 4 9 10 5 11 
23508 6 4 1 2 7 5 3 8 9 10 11 
2250 3 2 5 6 7 1 8 9 4 10 11 
12301 6 3 4 2 1 7 5 8 9 10 11 
4989 5 3 1 6 7 4 2 8 10 9 12 
96 2 1 6 7 8 3 9 4 5 10 12 
12647 2 4 7 1 8 3 9 5 6 10 12 
2695 1 2 7 8 9 3 4 5 6 10 12 
10090 2 1 6 7 8 3 9 4 5 10 12 
11395 2 3 5 6 7 8 9 1 4 10 12 
2776 4 7 1 2 3 8 9 5 6 10 12 
11501 4 3 5 1 10 2 6 7 8 9 12 
11539 7 5 2 1 3 6 4 8 9 10 12 
11679 4 5 8 1 2 6 3 7 9 10 12 
1665 4 5 6 1 7 3 2 8 9 10 12 
1709 4 7 1 2 3 8 5 9 10 6 12 
1795 5 6 1 2 3 8 4 9 10 7 12 
11826 4 7 1 2 3 8 5 9 10 6 12 
1934 2 5 1 3 8 6 9 7 10 4 12 
11917 1 6 2 3 7 8 9 10 4 5 12 
9060 2 1 6 7 8 3 9 4 5 10 12 
20144 5 2 3 8 1 6 7 4 9 10 12 
19228 4 8 1 2 3 5 7 9 10 6 12 
19214 2 7 3 1 4 8 6 9 10 5 12 
19287 2 1 6 7 8 3 9 4 5 10 12 
19264 2 9 4 3 1 6 5 7 8 10 12 
10971 1 2 6 7 8 3 10 4 5 9 12 
8089 7 2 4 1 3 5 9 8 6 10 12 
19407 6 7 1 2 4 5 3 8 9 10 12 
20479 2 4 1 6 7 8 9 5 3 10 12 
8185 5 7 1 2 3 8 6 4 9 10 12 
20653 3 4 1 8 5 6 9 2 7 10 12 
17016 4 5 1 9 2 6 3 7 8 10 12 
8442 6 7 1 2 3 8 4 5 9 10 12 
18411 1 2 3 7 8 9 10 4 5 6 12 
7193 7 5 1 2 3 8 4 6 9 10 12 
9887 4 6 3 2 1 7 8 5 9 10 12 
6141 3 6 1 7 2 8 4 9 5 10 12 
16258 2 4 1 6 7 8 9 5 3 10 12 
504 2 1 6 7 8 3 9 4 5 10 12 
17514 2 3 4 9 5 6 7 8 1 10 12 
604 10 1 3 4 5 2 6 7 8 9 12 
8908 3 8 1 2 4 10 5 6 7 9 12 
6321 2 3 4 8 9 5 1 6 7 10 12 
699 1 2 6 7 8 3 9 5 4 10 12 
6352 3 6 4 2 7 1 8 5 9 10 12 
15125 2 1 6 7 8 3 9 4 5 10 12 
6638 4 6 1 7 2 8 3 5 9 10 12 
6645 1 3 6 7 8 2 9 4 5 10 12 
4000 2 1 6 7 8 3 9 4 5 10 12 
6875 1 2 6 7 8 3 9 4 10 5 12 
6962 7 1 3 2 8 4 9 5 6 10 12 
13085 2 1 6 7 8 3 9 4 5 10 12 
13094 5 6 1 7 2 3 8 4 9 10 12 
13060 5 6 2 1 3 8 4 9 7 10 12 
13033 1 2 5 7 10 3 8 4 6 9 12 
715913 2 1 6 7 8 3 9 4 5 10 12 
14554 3 4 8 1 2 7 5 9 6 10 12 
15868 2 1 6 7 8 3 9 4 5 10 12 
4607 4 2 7 1 8 5 3 6 9 10 12 
3465 3 2 7 1 8 4 9 5 6 10 12 
2185 1 3 6 7 8 2 9 4 5 10 12 
3577 1 2 7 8 4 5 9 3 6 10 12 
12269 1 3 4 7 5 8 9 6 10 2 12 
11114 6 1 2 7 3 8 9 4 10 5 13 
1131 4 8 1 2 3 9 5 6 10 7 13 
12631 8 2 1 6 3 4 7 9 5 10 13 
12626 5 1 7 3 4 2 8 9 10 6 13 
1331 7 2 3 6 4 5 1 8 9 10 13 
2693 4 1 8 2 7 3 9 5 6 10 13 
12705 1 2 6 7 8 5 9 3 4 10 13 
11614 2 1 6 7 8 3 9 5 4 10 13 
12908 6 1 3 4 5 8 7 9 10 2 13 
11693 6 10 1 2 3 4 5 7 8 9 13 
11720 5 2 1 4 7 8 6 9 10 3 13 
11772 4 3 6 7 2 5 1 8 9 10 13 
10531 5 6 1 2 4 8 3 9 10 7 13 
11823 4 1 6 7 2 8 9 3 5 10 13 
10682 1 8 5 6 3 2 4 7 9 10 13 
10720 5 6 1 2 3 7 9 8 10 4 13 
119088 4 7 8 1 2 3 5 6 9 10 13 
20312 3 1 6 7 8 2 9 4 5 10 13 
18101 5 6 3 4 1 7 2 8 9 10 13 
9402 3 1 6 7 8 2 9 4 5 10 13 
8193 5 7 3 1 2 8 4 6 9 10 13 
18475 3 1 6 7 8 2 9 4 5 10 13 
19777 1 2 7 8 6 3 9 4 5 10 13 
16063 4 6 3 7 1 5 2 8 9 10 13 
9905 2 3 6 7 8 1 9 4 5 10 13 
8623 9 2 3 4 5 6 1 7 8 10 13 
8766 1 4 6 7 8 2 9 3 5 10 13 
685 6 4 1 3 2 7 8 9 10 5 13 
18993 1 7 3 4 5 8 6 9 10 2 13 
17654 2 4 3 8 5 6 9 7 1 10 13 
7729 1 2 9 5 6 3 10 4 7 8 13 
5160 1 6 3 7 8 2 9 4 5 10 13 
15140 3 7 2 5 6 4 1 8 9 10 13 
16523 4 6 5 2 1 7 8 3 9 10 13 
5285 5 1 2 3 10 4 8 7 9 6 13 
16595 4 5 2 1 6 8 7 9 10 3 13 
961 2 4 6 1 7 8 9 5 3 10 13 
6696 3 4 5 2 8 6 1 9 10 7 13 
115345 1 7 2 5 8 3 9 4 10 6 13 
14000 4 5 3 1 7 6 8 9 2 10 13 
16669 8 1 2 3 4 9 10 5 6 7 13 
6778 3 1 6 7 8 2 9 4 5 10 13 
4157 3 4 7 5 1 2 9 8 6 10 13 
5490 1 6 7 5 3 2 8 4 9 10 13 
114171 3 7 1 2 8 5 9 4 6 10 13 
15479 3 6 2 4 7 5 8 9 1 10 13 
5504 5 7 1 3 2 8 4 9 6 10 13 
13139 2 3 6 7 8 4 5 1 9 10 13 
4505 2 1 6 7 8 3 9 4 10 5 13 
5895 6 3 4 5 2 7 1 8 9 10 13 
13256 2 3 5 8 9 4 1 6 7 10 13 
13270 3 1 6 7 8 2 9 4 5 10 13 
5976 6 7 1 2 5 4 3 8 9 10 13 
13391 2 7 4 3 1 8 9 5 6 10 13 
12204 5 6 1 4 2 7 8 9 3 10 13 
4842 2 3 6 7 8 1 9 4 5 10 13 
4912 1 4 6 7 8 2 9 3 5 10 13 
13635 5 6 2 3 1 8 4 9 10 7 14 
1015 3 4 7 8 1 2 9 5 6 10 14 
3676 1 3 6 7 8 4 9 5 2 10 14 
11025 6 7 2 3 1 8 4 5 9 10 14 
1056 6 7 1 2 3 8 4 9 10 5 14 
11116 1 4 6 7 8 2 9 5 3 10 14 
3709 1 2 6 7 10 3 9 4 5 8 14 
1171 3 6 4 5 1 7 8 9 10 2 14 
1197 5 8 1 3 2 6 4 10 7 9 14 
11185 6 7 1 2 3 8 9 4 5 10 14 
31 2 3 6 7 8 1 9 5 4 10 14 
311253 1 2 6 7 8 5 9 4 3 10 14 
3971 3 7 4 2 1 8 5 9 10 6 14 
12740 1 2 6 8 9 3 10 4 5 7 14 
12892 6 7 1 2 3 8 4 9 10 5 14 
12869 6 7 1 2 3 8 4 9 10 5 14 
2809 8 3 1 2 4 5 10 9 6 7 14 
10306 3 1 6 7 8 4 9 2 5 10 14 
2972 1 2 7 8 9 3 4 10 5 6 14 
11794 2 3 6 7 8 4 9 1 5 10 14 
10396 6 7 1 2 3 8 4 9 10 5 14 
1761 6 7 1 2 3 8 4 9 10 5 14 
1819 6 7 1 2 3 8 4 9 10 5 14 
11983 4 1 3 8 5 7 9 6 2 10 14 
10619 1 6 7 4 5 2 8 9 3 10 14 
10618 6 7 2 1 4 8 3 5 9 10 14 
1972 2 3 6 7 8 1 9 5 4 10 14 
19171 4 1 7 8 3 2 9 5 6 10 14 
20148 5 6 2 3 1 7 8 9 10 4 14 
9102 5 6 2 7 3 1 8 4 9 10 14 
9121 6 7 2 1 3 8 4 5 10 9 14 
10870 6 7 2 4 1 5 3 8 9 10 14 
20416 4 1 6 7 8 2 9 3 5 10 14 
18107 2 8 3 4 5 1 9 10 6 7 14 
18179 6 7 1 2 3 8 4 9 10 5 14 
9447 6 7 1 2 3 8 4 9 10 5 14 
38150 2 6 3 7 4 8 9 1 5 10 14 
9490 2 7 3 4 8 5 9 1 6 10 14 
20530 6 7 1 2 3 8 4 9 10 5 14 
8348 2 3 6 7 8 4 9 1 5 10 14 
9723 2 4 6 7 8 1 9 3 5 10 14 
20711 3 4 5 6 10 2 1 7 8 9 14 
9945 2 3 6 7 8 4 9 1 5 10 14 
19948 7 8 1 2 3 5 4 9 6 10 14 
7338 2 3 6 7 8 4 9 1 5 10 14 
7379 1 4 5 7 8 2 9 6 10 3 14 
464 4 8 1 3 2 6 7 9 10 5 14 
8767 7 8 2 1 3 5 4 6 9 10 14 
7456 4 1 6 7 8 2 9 3 5 10 14 
7491 6 7 1 2 3 8 4 9 10 5 14 
8827 3 2 6 7 8 1 9 4 5 10 14 
16224 2 3 6 7 8 4 9 1 5 10 14 
15002 6 7 1 2 3 8 4 9 10 5 14 
18989 3 4 6 7 5 1 8 9 2 10 14 
15147 5 4 2 3 7 6 9 1 8 10 14 
855 1 2 6 8 9 3 10 4 5 7 14 
876 6 1 4 7 2 5 8 9 10 3 14 
15278 6 7 1 2 3 8 4 9 10 5 14 
15214 7 3 2 1 5 8 4 9 10 6 14 
6679 2 1 6 7 8 5 9 3 4 10 14 
16641 2 3 8 5 9 4 1 6 7 10 14 
4091 6 7 1 2 3 8 4 9 10 5 14 
117914 6 7 1 2 3 8 4 9 10 5 14 
14018 6 7 1 2 3 8 4 9 10 5 14 
6706 6 4 3 2 1 8 7 5 9 10 14 
14137 7 2 4 8 3 1 5 6 9 10 14 
16784 2 4 1 10 7 5 3 8 6 9 14 
6940 3 2 6 7 8 1 9 4 5 10 14 
6956 2 1 5 8 9 3 10 4 6 7 14 
3031 6 7 1 2 3 8 4 9 10 5 14 
15658 6 7 1 2 3 8 4 9 10 5 14 
4427 2 3 6 7 8 4 9 1 5 10 14 
15828 6 7 1 2 3 8 4 9 10 5 14 
4444 6 7 1 2 3 8 4 9 10 5 14 
5789 6 7 1 2 3 8 4 9 10 5 14 
15810 2 1 6 7 8 5 9 3 4 10 14 
3181 6 7 2 3 4 5 1 8 9 10 14 
14406 6 7 1 2 3 8 4 9 10 5 14 
4582 1 3 7 8 6 2 9 4 5 10 14 
15917 3 6 1 7 2 8 9 5 4 10 14 
5928 6 7 1 2 3 8 4 9 10 5 14 
3443 1 8 2 3 9 10 4 5 6 7 14 
2166 8 5 1 2 3 6 4 9 10 7 14 
13497 5 6 7 1 2 3 9 4 8 10 14 
12160 3 2 7 5 8 1 9 4 6 10 14 
4833 4 5 2 1 6 7 9 10 8 3 14 
13633 8 4 2 5 1 3 6 9 7 10 14 
4960 6 7 1 2 3 8 4 9 10 5 14 
3751 2 8 3 4 5 9 6 1 10 7 15 
22443 4 8 1 9 2 5 3 6 7 10 15 
1111 6 7 1 3 2 8 4 9 10 5 15 
3823 6 7 2 1 3 8 4 9 10 5 15 
3852 7 4 2 3 1 8 5 9 10 6 15 
3893 6 7 1 2 4 8 3 9 10 5 15 
11482 8 3 4 5 2 1 6 9 7 10 15 
2844 6 7 2 1 3 8 4 9 10 5 15 
2987 6 7 1 2 4 8 5 9 3 10 15 
1766 7 8 1 2 3 5 4 9 10 6 15 
1949 7 4 2 3 1 8 5 9 10 6 15 
19221 6 7 2 3 4 8 1 5 9 10 15 
20218 1 4 6 7 8 5 9 2 3 10 15 
20297 6 1 7 8 3 2 5 4 9 10 15 
19258 5 1 6 7 8 2 9 3 4 10 15 
8170 5 6 2 3 7 8 1 9 4 10 15 
19689 6 7 1 3 2 8 4 9 10 5 15 
19674 8 5 1 3 2 6 4 9 10 7 15 
17112 6 7 2 1 3 8 4 9 10 5 15 
8431 6 7 2 1 3 8 4 9 10 5 15 
18409 6 4 2 1 7 8 3 9 10 5 15 
19705 3 1 7 8 6 2 9 4 5 10 15 
7217 6 7 1 2 3 8 5 9 10 4 15 
18541 6 7 1 2 4 8 3 9 10 5 15 
28640 6 7 2 1 3 8 4 9 10 5 15 
8745 4 2 6 7 8 1 9 3 5 10 15 
18715 6 1 7 3 4 5 8 9 10 2 15 
551 6 7 1 2 4 8 3 9 10 5 15 
8885 4 5 6 2 3 7 8 9 10 1 15 
672 5 6 1 3 4 8 7 9 10 2 15 
756 2 3 6 7 8 4 9 5 1 10 15 
762 1 2 10 6 7 3 8 4 5 9 15 
6481 6 7 1 2 3 8 5 9 10 4 15 
852 4 7 3 8 1 5 2 6 9 10 15 
5215 6 7 2 1 3 8 4 9 10 5 15 
16526 6 7 1 2 3 8 5 9 10 4 15 
7992 7 1 5 2 3 8 9 6 10 4 15 
7986 8 4 2 1 3 9 5 6 10 7 15 
5353 2 3 6 7 8 4 9 5 1 10 15 
5467 6 7 1 2 8 3 4 9 10 5 15 
14173 2 4 6 7 8 1 9 5 3 10 15 
14175 5 6 7 2 3 1 8 4 9 10 15 
14271 5 6 3 2 4 8 1 9 7 10 15 
4418 6 7 1 2 3 8 5 9 10 4 15 
3102 4 5 9 1 2 3 10 6 7 8 15 
3114 1 7 8 3 4 5 9 2 6 10 15 
4495 1 3 6 7 8 5 9 4 2 10 15 
15751 6 7 2 1 3 8 4 9 10 5 15 
4531 6 7 1 2 4 8 3 9 10 5 15 
14568 4 7 1 3 2 9 6 8 10 5 15 
15851 3 4 1 9 10 5 2 6 7 8 15 
14691 4 2 6 7 8 1 9 3 5 10 15 
13410 2 8 7 1 3 9 4 5 6 10 15 
2107 6 7 2 1 3 8 4 9 10 5 15 
12129 7 5 1 2 3 9 4 8 10 6 15 
14801 4 6 3 5 7 2 8 1 9 10 15 
2208 2 6 3 7 4 8 9 5 1 10 15 
4891 6 7 1 2 4 8 3 9 10 5 15 
4933 2 6 3 7 8 4 1 9 10 5 15 
1140 6 7 1 2 5 8 3 9 10 4 16 
56 2 8 4 3 5 9 6 1 10 7 16 
2500 3 2 6 7 8 4 9 5 1 10 16 
1200 6 7 2 3 1 8 4 9 10 5 16 
1289 2 8 3 4 5 9 6 10 1 7 16 
11355 8 7 1 2 3 5 4 9 10 6 16 
1303 6 7 1 4 2 5 8 9 10 3 16 
2648 6 2 3 7 8 4 1 9 10 5 16 
12954 3 7 1 6 4 8 5 9 10 2 16 
2955 2 3 6 8 9 1 10 4 5 7 16 
2953 6 7 2 1 4 8 3 9 10 5 16 
1757 3 6 7 1 8 9 2 4 5 10 16 
10509 6 7 1 3 4 8 2 9 10 5 16 
1917 3 4 6 7 8 1 9 5 2 10 16 
19153 6 7 2 3 1 8 4 9 10 5 16 
10882 6 7 1 2 3 8 9 5 10 4 16 
9214 2 5 6 7 8 3 9 1 4 10 16 
20325 7 8 2 3 1 4 9 5 6 10 16 
119391 6 7 3 1 2 8 4 9 10 5 16 
9372 6 7 2 3 1 8 4 9 10 5 16 
20444 6 7 1 2 4 8 5 9 10 3 16 
20481 6 7 1 2 5 8 3 9 10 4 16 
9479 1 7 3 4 8 9 5 6 10 2 16 
18255 3 4 6 7 8 1 9 5 2 10 16 
19641 5 8 2 3 4 7 1 9 6 10 16 
19625 7 8 3 1 2 5 4 9 6 10 16 
134 6 7 1 4 2 8 3 9 10 5 16 
717257 6 8 1 2 3 9 4 10 5 7 16 
8656 5 6 2 7 8 1 3 4 10 9 16 
217315 6 7 3 1 2 8 4 9 10 5 16 
453 6 7 2 1 3 8 4 10 9 5 16 
6198 6 7 3 1 2 8 4 9 10 5 16 
17419 6 7 3 1 2 8 4 9 10 5 16 
6254 7 6 1 5 3 2 4 9 8 10 16 
17509 1 8 4 5 7 2 6 9 10 3 16 
8955 6 7 1 5 3 8 2 4 9 10 16 
17668 4 6 3 1 7 8 9 5 2 10 16 
16343 6 4 1 8 3 5 2 9 10 7 16 
15017 6 7 1 2 5 8 3 9 10 4 16 
15290 5 8 3 1 2 9 4 6 10 7 16 
15312 1 2 7 8 9 4 10 3 5 6 16 
6839 7 6 1 2 4 8 3 9 10 5 16 
16836 6 7 1 2 4 8 5 9 10 3 16 
14248 5 9 4 1 3 6 2 7 8 10 16 
6992 8 6 2 1 3 9 4 5 7 10 16 
5663 1 7 4 5 8 2 9 10 3 6 16 
15718 1 2 6 7 8 9 10 4 3 5 16 
13013 7 2 3 8 4 5 1 9 10 6 16 
15657 2 7 5 8 4 1 6 3 9 10 16 
15699 3 4 5 7 8 6 1 9 10 2 16 
5759 6 7 2 1 4 8 3 9 10 5 16 
15800 4 7 5 1 3 8 2 9 10 6 16 
15723 6 7 2 5 1 8 3 4 9 10 16 
4587 4 5 2 6 3 7 10 8 9 1 16 
4606 5 7 2 1 8 4 9 3 6 10 16 
5991 3 8 4 9 1 2 6 5 7 10 16 
4663 2 1 7 8 9 3 10 4 5 6 16 
4656 3 4 6 7 8 2 9 1 5 10 16 
13356 3 4 6 7 8 1 9 5 2 10 16 
12139 6 7 1 3 4 8 5 9 2 10 16 
12149 5 6 2 9 3 1 7 4 8 10 16 
4874 2 6 3 7 4 8 9 5 10 1 16 
2253 6 7 2 1 3 8 5 9 10 4 16 
1063 6 7 2 3 4 8 1 9 10 5 17 
13745 3 4 6 7 8 5 9 1 2 10 17 
12428 3 7 4 5 6 8 1 9 10 2 17 
10179 6 7 5 1 2 8 3 9 4 10 17 
10317 2 3 7 8 9 5 1 6 4 10 17 
11703 5 8 1 2 4 9 6 7 10 3 17 
10505 6 4 1 2 7 10 5 9 3 8 17 
10557 4 7 3 2 8 5 1 9 10 6 17 
20222 6 7 2 4 1 8 3 9 10 5 17 
210854 3 8 1 4 9 5 6 7 10 2 17 
18095 3 4 6 7 8 2 9 5 1 10 17 
19596 1 7 5 6 8 2 9 4 3 10 17 
20598 6 7 1 4 3 8 2 9 10 5 17 
9564 5 1 6 7 8 3 9 4 2 10 17 
19503 6 8 1 3 2 9 4 7 10 5 17 
17059 1 3 8 9 10 2 4 5 7 6 17 
17275 7 5 8 2 1 3 4 9 6 10 17 
8573 6 7 1 3 4 8 5 9 10 2 17 
8578 6 1 5 7 3 8 9 4 2 10 17 
919805 3 1 7 8 6 4 9 5 2 10 17 
18689 6 2 7 8 3 1 9 4 5 10 17 
8736 6 7 2 3 4 8 5 9 1 10 17 
6282 3 6 4 7 8 1 9 5 2 10 17 
636 7 3 1 6 5 4 8 9 10 2 17 
727 7 8 2 1 4 5 3 9 10 6 17 
15151 7 2 3 4 8 9 1 10 5 6 17 
15134 2 6 7 3 5 8 9 4 1 10 17 
806 1 4 7 8 9 3 5 6 2 10 17 
7955 2 4 8 1 10 5 6 7 9 3 17 
4085 4 7 8 1 9 2 3 5 6 10 17 
15355 6 4 2 1 7 8 9 5 10 3 17 
6726 6 3 5 1 7 8 9 4 2 10 17 
6814 2 1 7 8 9 3 10 5 4 6 17 
16867 6 7 4 1 8 3 2 5 9 10 17 
15596 7 3 2 8 4 5 1 9 10 6 17 
3022 3 4 6 7 8 5 9 1 2 10 17 
15639 6 7 3 2 1 8 4 9 10 5 17 
13074 6 7 3 4 5 1 8 2 9 10 17 
5839 8 3 1 9 5 4 2 6 7 10 17 
3298 1 3 7 8 9 4 10 2 5 6 17 
15892 2 6 7 1 5 8 9 4 10 3 17 
13202 4 7 1 8 5 2 6 9 10 3 17 
14868 6 7 1 2 5 8 4 9 10 3 17 
12260 6 7 2 3 4 8 5 9 1 10 17 
14886 7 2 8 5 3 1 4 6 10 9 17 
11004 4 9 6 2 5 1 7 3 8 10 18 
11089 6 7 5 1 2 8 3 9 10 4 18 
13871 4 5 2 6 8 3 9 10 7 1 18 
10011 6 2 7 1 5 8 9 10 3 4 18 
11397 6 7 2 3 4 8 5 9 10 1 18 
2781 7 8 1 2 3 9 4 10 6 5 18 
111586 6 7 2 4 3 8 1 9 10 5 18 
22960 6 7 2 5 1 8 3 9 10 4 18 
10507 9 3 4 1 5 6 7 10 8 2 18 
1852 6 7 2 3 4 8 5 9 10 1 18 
9151 6 7 2 3 4 8 5 9 10 1 18 
20374 6 7 4 2 1 8 3 9 10 5 18 
19360 7 8 1 2 4 9 3 6 10 5 18 
20364 6 9 1 2 5 7 3 8 10 4 18 
18149 6 7 4 1 5 2 8 9 10 3 18 
20584 2 3 7 4 8 9 10 5 6 1 18 
19541 6 7 5 1 2 8 3 9 10 4 18 
18219 1 7 4 5 8 9 6 2 10 3 18 
7035 1 5 7 8 6 3 9 4 2 10 18 
8492 5 7 3 2 8 1 9 6 4 10 18 
719812 9 6 1 2 4 7 5 8 3 10 18 
379 5 7 4 2 3 8 1 9 10 6 18 
18711 6 4 3 7 1 8 5 9 10 2 18 
6166 6 7 5 4 1 3 2 8 9 10 18 
7508 7 8 1 3 4 5 9 6 2 10 18 
17504 2 3 8 9 1 5 10 6 7 4 18 
15071 7 4 2 1 8 5 9 6 10 3 18 
5057 6 7 1 4 5 3 8 9 10 2 18 
16355 6 7 1 4 5 8 2 9 10 3 18 
7775 3 5 6 7 8 4 9 1 2 10 18 
16509 4 6 5 7 8 1 9 2 3 10 18 
5312 6 7 1 4 5 8 2 9 10 3 18 
5315 2 6 7 8 9 3 1 4 5 10 18 
14372 6 7 2 3 4 8 5 9 10 1 18 
4412 7 1 5 6 8 3 9 2 4 10 18 
3153 7 10 2 1 3 8 4 5 6 9 18 
15789 6 7 1 3 5 8 4 9 10 2 18 
4655 3 4 6 7 8 5 9 2 1 10 18 
2095 8 9 1 2 5 4 3 6 10 7 18 
13514 3 8 4 5 1 9 2 10 7 6 18 
12145 6 7 2 3 4 8 5 9 10 1 18 
3862 6 7 2 3 5 8 4 9 10 1 19 
10012 1 6 7 8 9 2 10 3 4 5 19 
1329 7 6 2 3 4 8 5 9 10 1 19 
10146 4 5 7 8 3 1 9 6 2 10 19 
11451 5 6 8 9 1 2 3 7 4 10 19 
1494 6 7 2 4 5 8 1 9 10 3 19 
611722 7 6 2 3 1 10 4 8 9 5 19 
1977 7 8 2 3 4 5 6 9 10 1 19 
19102 8 1 4 5 6 9 7 3 2 10 19 
19172 6 7 1 4 8 5 2 9 10 3 19 
10794 3 6 7 8 4 1 9 5 2 10 19 
20435 6 7 3 4 2 8 1 9 10 5 19 
9640 4 2 6 7 8 9 1 10 5 3 19 
19817 7 8 2 1 4 6 3 10 9 5 19 
8698 6 7 2 3 4 8 9 10 1 5 19 
316132 2 6 7 8 3 9 1 10 4 5 19 
17562 7 8 2 3 4 9 1 5 10 6 19 
18881 8 5 2 1 9 4 6 7 3 10 19 
5118 7 8 2 3 4 5 9 6 1 10 19 
116482 1 3 8 9 7 2 10 5 4 6 19 
4322 6 7 4 5 3 1 8 2 9 10 19 
15696 6 8 3 4 2 7 1 9 5 10 19 
5882 6 7 5 2 1 8 3 9 10 4 19 
14591 7 8 2 3 4 5 6 9 10 1 19 
13531 5 6 7 1 9 2 10 3 4 8 19 
3503 7 8 1 2 4 9 5 6 10 3 19 
14977 6 2 7 3 8 4 9 5 10 1 19 
14965 6 2 7 8 9 3 1 4 5 10 19 
13564 6 7 1 2 8 9 10 3 4 5 19 
11006 6 7 3 5 2 8 1 9 10 4 20 
10119 4 5 7 8 9 1 6 2 3 10 20 
1498 1 8 5 4 7 9 6 2 10 3 20 
10194 6 7 2 5 3 8 4 9 10 1 20 
2887 6 2 9 4 7 1 8 5 3 10 20 
2976 3 6 7 8 4 9 1 5 2 10 20 
11879 1 6 7 5 8 9 3 10 2 4 20 
10659 6 7 4 3 2 8 1 9 10 5 20 
318598 8 1 5 6 9 2 10 3 4 7 20 
7291 7 8 1 2 9 10 3 4 5 6 20 
118635 6 7 3 4 5 2 8 9 10 1 20 
16100 6 7 4 8 3 1 2 9 5 10 20 
16370 6 7 3 4 5 8 1 9 10 2 20 
15023 6 7 4 8 2 1 3 9 10 5 20 
5270 3 1 7 9 8 5 6 4 2 10 20 
15709 6 7 1 8 4 5 2 9 10 3 20 
4440 6 7 3 4 5 8 1 9 10 2 20 
5850 2 3 7 8 9 4 10 5 6 1 20 
3324 2 9 6 1 5 10 7 3 4 8 20 
4800 1 4 7 8 9 10 5 2 3 6 20 
2396 9 3 4 1 10 5 6 7 8 2 21 
11636 7 8 1 3 9 4 5 6 10 2 21 
112976 7 8 2 3 4 9 5 10 1 6 21 
10295 3 9 4 5 6 10 7 1 2 8 21 
2961 10 7 2 1 3 8 4 9 5 6 21 
1652 1 9 7 4 6 3 10 2 5 8 21 
10530 7 8 4 1 2 5 9 10 6 3 21 
10544 7 5 4 3 2 8 6 9 10 1 21 
10864 7 4 6 1 8 5 3 9 10 2 21 
19284 2 3 7 8 10 4 9 5 6 1 21 
9200 8 5 1 4 7 6 3 9 10 2 21 
19413 2 9 5 6 7 1 8 10 3 4 21 
9429 3 4 6 7 8 9 10 2 5 1 21 
8527 2 8 6 4 5 9 1 10 7 3 21 
15087 5 8 7 1 4 9 2 6 3 10 21 
4303 7 8 1 4 9 2 5 10 3 6 21 
15701 2 6 7 8 9 3 10 1 4 5 21 
5934 6 4 7 8 2 9 1 3 10 5 21 
2153 1 8 6 4 9 3 10 5 2 7 21 
10647 8 5 6 2 4 7 1 9 10 3 22 
9193 6 7 4 5 3 8 1 9 10 2 22 
9613 5 3 9 7 6 1 8 4 2 10 22 
28543 2 7 8 9 3 4 5 10 6 1 22 
17304 8 4 1 9 10 5 2 3 6 7 22 
8705 1 6 7 8 4 9 5 10 3 2 22 
8749 5 6 9 7 3 1 8 2 4 10 22 
16298 6 8 5 3 7 1 9 2 4 10 22 
17807 4 2 7 8 9 1 10 6 5 3 22 
15757 5 1 6 9 7 10 8 2 3 4 22 
2034 7 8 1 4 5 9 2 10 6 3 22 
12155 6 7 1 8 4 9 2 10 5 3 22 
43584 1 6 7 8 9 4 10 3 2 5 22 
4940 7 5 6 4 8 1 2 9 10 3 22 
13795 4 7 10 5 1 6 2 9 8 3 23 
1865 4 5 7 9 10 6 1 2 3 8 23 
10942 7 8 5 2 6 3 9 1 4 10 23 
18582 1 9 5 6 7 10 8 2 3 4 23 
16078 6 7 1 8 3 9 10 4 5 2 23 
7557 5 6 7 8 9 3 1 4 2 10 23 
7708 4 7 8 9 5 2 1 6 3 10 23 
6659 7 8 3 9 4 2 5 1 6 10 23 
6682 5 8 2 3 9 10 4 6 7 1 23 
4107 6 7 8 9 1 2 10 3 4 5 23 
13141 2 6 7 8 9 3 10 4 5 1 23 
10060 6 7 8 1 9 5 2 10 3 4 24 
12695 7 8 5 2 6 4 9 1 3 10 24 
217038 6 7 8 9 1 4 5 2 3 10 24 
120771 4 7 8 6 9 2 3 5 1 10 24 
19891 4 5 7 8 9 6 10 1 2 3 24 
5806 8 9 2 5 3 6 4 7 10 1 24 
19132 6 7 1 8 10 9 2 5 3 4 25 
19707 8 3 6 7 4 9 5 2 1 10 25 
3108 3 6 7 8 9 4 10 5 1 2 25 
15918 8 6 4 1 9 7 3 5 10 2 25 
19897 7 8 3 4 9 10 5 1 2 6 26 
18859 7 8 5 2 9 6 1 10 3 4 26 
18105 6 7 8 4 10 5 3 1 2 9 28 
14412 4 5 9 8 10 6 7 2 3 1 30 
